607.7105102507151
601.4476236003968
535.7461820171168
524.5666043482433
484.35983783879436
454.4828378666739
415.18607687176365
434.48437515018384
418.514366512077
388.8325378444398
405.20020009270013
409.3667782004646
410.56966295089296
412.61959062233234
406.80009796667883
417.5924274723961
405.8682597436846
418.1352688847356
432.3879054414578
452.4765661656412
421.2884395125307
411.50066595880725
426.5543163718186
430.50205942638684
417.01467425260785
424.5449244294148
450.64367953772484
417.17589137098435
427.2840135080239
417.417084959123
423.2173872009935
414.6648290581916
419.660442886672
402.5753531408674
396.44041487040096
428.7558754799088
379.27410077813136
378.9997692660466
370.3287289773839
352.552732842665
364.1597642576356
383.8570829237486
395.1323683846397
379.15435947176326
337.574244400263
377.6607046032349
353.9379089463418
323.87800573680033
308.9535674589569
298.2801649199132
331.9053127191694
322.779416044847
341.91056689930485
293.1414378553974
309.7304286445631
323.47585634416146
318.80143957815807
330.49861130161435
300.60679639071213
284.99608775455755
308.7839684712131
286.19302604103444
273.1387991859225
229.5514727066438
235.2999189277961
193.02091110869262
174.27283703939486
179.84856227330255
177.88156419154998
175.11814898885905
184.13615058888615
0.0
0.0
130.7278491996964
156.70384625402883
175.8288899799798
170.68684339272576
0.0
131.02484229569907
nan
201.30902859975694
177.7043487950035
140.88224424601458
157.49807760795963
149.65134207543105
150.8898675886807
168.75551688145742
151.40086239592608
167.91188313763527
161.44324359063637
168.70685881000531
188.90953772685896
181.64446210856525
174.02176262738806
135.0762972045525
168.1751043695211
165.55250165953996
168.85356794404242
151.8968900456146
165.22346734833874
166.92199138898656
176.75839287087072
189.5273336553023
178.3015880804394
191.87311333168026
180.31262426177867
195.83462819738978
215.73739132776257
205.82184107452142
202.0893334832598
182.46847057616776
195.86017634690364
206.36749994454098
207.72762737291723
196.20945476081272
204.8591844176427
206.7455405771363
201.99411394878496
201.869518900664
200.0303724371737
186.08141364452774
190.34407881696367
202.36211730722783
204.5345806682719
210.1361723721729
192.18104244955992
192.18104244955992
192.18104244955992
192.18104244955987
192.18104244955987
192.18104244955987
192.18104244955992
192.18104244955992
206.1791959511402
192.54029376328194
174.53952762532032
199.2719389385234
208.0991598873487
204.8772593402692
214.58478985419976
199.37887330841144
nan
nan
nan
nan
nan
nan
nan
nan
nan
nan
nan
nan
nan
nan
nan
nan
nan
nan
nan
nan
nan
nan
nan
nan
nan
