0.5812
1.39002
2.69073
4.1006100000000005
4.74765
6.114929999999999
6.914009999999999
7.370749999999998
7.59683
7.951510000000001
7.6352199999999995
7.998059999999999
8.359945
8.185195
8.23345
8.062100000000001
8.49804
8.51881
8.437935
8.6222
8.49074
8.583245
8.7686
8.73628
8.91123
8.859169999999999
9.06418
8.99622
8.712285000000001
8.538005
8.928159999999998
8.788295
8.830695
8.78292
8.824975
8.95127
9.39762
9.19173
8.90056
9.076165
9.059085
9.09093
9.697849999999999
8.939784999999999
9.279515
9.12732
9.22738
9.587724999999999
9.63514
9.36968
9.548540000000001
9.602215
9.887305
10.132185
9.875365
9.910535
9.784515
10.01097
9.8511
10.292765000000001
9.585685
10.280935
9.921785000000002
10.5624
9.078544999999998
23.37813333333333
34.71693333333333
37.2772
43.99600000000001
42.71000000000001
45.423466666666656
16.6056
29.43592
28.56884
42.41768
44.77728
42.423199999999994
47.05144
43.15104
17.568666666666665
18.37264
26.0292
30.319560000000006
40.11024
40.253359999999994
37.51152
36.10959999999999
35.9896
37.357119999999995
37.126400000000004
37.236799999999995
39.326080000000005
37.6676
39.94312
40.30536000000001
39.305200000000006
37.39808
36.17624
40.15672
38.013000000000005
38.33456
37.0192
37.682559999999995
38.092400000000005
40.037119999999994
36.2284
38.11808
38.78344
5.27818
1.3973333333333333
0.8586666666666667
1.3186666666666664
1.408
1.3933333333333335
0.9413333333333332
1.3293333333333335
4.16692
1.3866666666666665
1.4026666666666667
0.9493333333333333
0.9506666666666668
0.948
1.384
0.8533333333333333
1.0346666666666668
1.8
0.1
1.1333333333333333
1.0666666666666669
0.6333333333333333
1.1333333333333333
1.2666666666666666
1.3333333333333335
1.528
0.952
0.9106666666666666
1.0253333333333332
0.8493333333333333
4.10816
4.291360000000001
4.26102
8.48
8.712
10.058
12.554
10.396
15.29
12.49
9.546
14.624
15.038
17.818
15.496
11.42
10.652
16.302
12.122
12.208
15.914
11.564
13.492
10.57
12.456
17.330909090909092
13.318260869565217
18.03304347826087
